{
  "advancedEditorSelectedIdentifier" : "ProjectBrowser",
  "openSceneRelativePaths" : [
    "Immersive.usda",
    "Scene.usda"
  ],
  "recentIdentifiers" : {
    "AF09ED6F-1707-48FD-8720-65B998362C09" : [

    ],
    "D66134B1-3681-4A8E-AFE5-29F257229F3B" : [

    ]
  },
  "sceneCameraHistory" : {
    "AF09ED6F-1707-48FD-8720-65B998362C09" : [
      {
        "date" : 771396504.979595,
        "title" : "Untitled",
        "transform" : [
          0.9965286,
          2.0427628e-09,
          -0.08325069,
          0,
          -0.056729972,
          0.731878,
          -0.6790702,
          0,
          0.06092934,
          0.6814357,
          0.7293374,
          0,
          0.04434949,
          3.4360716,
          1.7258401,
          1
        ]
      },
      {
        "date" : 771395182.615907,
        "title" : "Untitled",
        "transform" : [
          0.9965286,
          2.0427628e-09,
          -0.08325069,
          0,
          -0.056729972,
          0.731878,
          -0.6790702,
          0,
          0.06092934,
          0.6814357,
          0.7293374,
          0,
          0.3823927,
          2.6225994,
          2.457645,
          1
        ]
      },
      {
        "date" : 771395156.565932,
        "title" : "Untitled",
        "transform" : [
          0.99717814,
          3.4191314e-09,
          -0.07507289,
          0,
          -0.058693472,
          0.62350434,
          -0.77961373,
          0,
          0.046808276,
          0.78182,
          0.6217448,
          0,
          0.33118147,
          2.9594743,
          2.048438,
          1
        ]
      },
      {
        "date" : 771395146.579517,
        "title" : "Untitled",
        "transform" : [
          0.99992627,
          1.4877615e-09,
          0.012145065,
          0,
          0.0059082196,
          0.8736975,
          -0.48643383,
          0,
          -0.0106111,
          0.48646975,
          0.87363297,
          0,
          0.01521555,
          1.482697,
          2.3918624,
          1
        ]
      },
      {
        "date" : 771395144.384779,
        "title" : "Untitled",
        "transform" : [
          0.99740267,
          1.3438446e-09,
          -0.072026506,
          0,
          -0.05801368,
          0.5926649,
          -0.80335724,
          0,
          0.042687584,
          0.8054492,
          0.5911254,
          0,
          0.17587906,
          2.4460013,
          1.5288205,
          1
        ]
      },
      {
        "date" : 771395124.316611,
        "title" : "Untitled",
        "transform" : [
          0.99944335,
          2.112063e-09,
          -0.033359654,
          0,
          -0.030035902,
          0.4351322,
          -0.8998655,
          0,
          0.0145158665,
          0.9003667,
          0.4348899,
          0,
          0.09093111,
          2.731877,
          1.0563833,
          1
        ]
      },
      {
        "date" : 771394971.061475,
        "title" : "Untitled",
        "transform" : [
          0.999779,
          1.9941715e-09,
          -0.021022275,
          0,
          -0.016997151,
          0.58845305,
          -0.80835277,
          0,
          0.012370628,
          0.8085314,
          0.5883229,
          0,
          0.08458471,
          2.4552937,
          1.5226917,
          1
        ]
      },
      {
        "date" : 771394959.991101,
        "title" : "Untitled",
        "transform" : [
          -0.1581784,
          1.7918342e-09,
          -0.98741055,
          0,
          -0.47279933,
          0.87790906,
          0.07574016,
          0,
          0.86685663,
          0.4788275,
          -0.13886626,
          0,
          4.2479143,
          0.58331287,
          -3.1804953,
          1
        ]
      },
      {
        "date" : 771394955.03181,
        "title" : "Untitled",
        "transform" : [
          0.97373813,
          2.2634694e-09,
          -0.22767083,
          0,
          -0.097557716,
          0.9035402,
          -0.4172501,
          0,
          0.20570976,
          0.42850342,
          0.8798115,
          0,
          0.97253954,
          0.3411129,
          1.6595087,
          1
        ]
      }
    ],
    "D66134B1-3681-4A8E-AFE5-29F257229F3B" : [
      {
        "date" : 771396586.739015,
        "title" : "Untitled",
        "transform" : [
          0.9999981,
          -4.992534e-15,
          0.0019440259,
          0,
          0.00054160674,
          0.9604077,
          -0.27859807,
          0,
          -0.0018670548,
          0.2785985,
          0.9604059,
          0,
          -0.028939245,
          0.6134256,
          2.1379044,
          1
        ]
      },
      {
        "date" : 771396582.449185,
        "title" : "Untitled",
        "transform" : [
          0.9988654,
          1.6545654e-11,
          -0.047622032,
          0,
          -0.027174361,
          0.82121015,
          -0.5699785,
          0,
          0.039107703,
          0.5706259,
          0.8202786,
          0,
          0.10114423,
          1.4758097,
          2.1214864,
          1
        ]
      }
    ]
  },
  "sceneViewportBackgroundColors" : {

  },
  "selectedSceneRelativePath" : "Scene.usda"
}